sample	fusion_count	chimeric_count
SRR19762165	10	824026
SRR19762166	10	759280
SRR19762167	6	1156405
SRR19762168	19	1319279
SRR19762169	8	913674
SRR19762170	30	949773
SRR19762171	4	1662299
SRR19762172	9	1682762
SRR19762173	12	1050475
SRR19762174	3	1448739
SRR19762175	7	1352916
SRR19762176	10	1105426
SRR19762177	10	1224710
SRR19762178	13	1059919
SRR19762179	4	1670654
SRR19762180	14	918203
SRR19762181	8	867978
SRR19762182	22	1068123
SRR19762183	6	1026819
SRR19762184	3	1316519
SRR19762185	4	1205872
SRR19762186	11	881464
SRR19762187	7	1609053
SRR19762188	9	966151
SRR19762189	7	903743
SRR19762190	18	876825
SRR19762191	8	1269822
SRR19762192	3	1516075
SRR19762193	13	1151233
SRR19762194	3	1735804
SRR19762195	11	1384683
SRR19762196	9	1172355
SRR19762197	7	955659
SRR19762198	15	1223745
SRR19762199	8	1166467
SRR19762200	14	854784
SRR19762201	17	860464
SRR19762202	2	1989121
SRR19762203	6	1165176
SRR19762204	4	1335770
SRR19762205	16	802157
SRR19762206	7	1066190
SRR19762207	4	799759
SRR19762209	9	707486
SRR19762210	4	1237765
SRR19762211	3	1333397
SRR19762212	7	1039150
SRR19762213	3	1616946
SRR19762214	2	1085791
SRR19762215	8	1047989
SRR19762216	6	1792658
SRR19762217	5	1268890
SRR19762218	7	1019236
SRR19762219	5	1102168
SRR19762220	11	732234
SRR19762221	10	833125
SRR19762222	10	1082594
SRR19762223	9	1210044
SRR19762224	10	1025897
SRR19762225	10	1381703
SRR19762226	9	1206270
SRR19762227	9	956188
SRR19762228	7	828633
SRR19762229	14	974078
SRR19762230	10	1070960
SRR19762231	4	1234409
SRR19762232	7	906648
SRR19762233	8	1043946
SRR19762234	52	664897
SRR19762235	11	1491554
SRR19762236	7	1583633
SRR19762237	8	1181335
SRR19762238	8	1412930
SRR19762239	7	1110319
SRR19762240	13	1227379
SRR19762241	16	1180686
SRR19762242	5	1748716
SRR19762243	4	835563
SRR19762244	9	1002553
SRR19762245	11	1268555
SRR19762246	10	1061678
SRR19762247	5	1333490
SRR19762248	5	1715522
SRR19762249	10	973200
SRR19762250	12	1002956
SRR19762251	8	876623
SRR19762252	9	1198708
SRR19762253	4	1237942
SRR19762254	2	1721108
SRR19762255	6	942925
SRR19762256	12	1004858
SRR19762257	8	1265017
SRR19762258	13	1018669
SRR19762259	11	1039851
SRR19762260	18	1340955
SRR19762261	14	1125331
SRR19762262	9	1097079
SRR19762263	10	914621
SRR19762264	11	1081319
SRR19762265	6	1673682
SRR19762266	6	1008780
SRR19762267	7	1297471
SRR19762268	7	1186374
SRR19762269	18	1241963
SRR19762270	14	1253196
SRR19762272	18	1177803
SRR19762273	9	1308237
SRR19762274	8	806307
SRR19762275	4	1177054
SRR19762276	10	1113255
SRR19762277	20	1277453
SRR19762278	13	1064882
SRR19762279	3	960566
SRR19762280	17	898178
SRR19762282	25	813038
SRR19762283	5	1195510
SRR19762284	16	1222899
SRR19762285	9	1153670
SRR19762286	9	1539899
SRR19762287	14	848926
SRR19762288	16	907391
SRR19762289	8	1247285
SRR19762290	6	1129748
SRR19762291	11	1038024
SRR19762292	9	1121048
SRR19762293	5	1653164
SRR19762295	14	1333390
SRR19762296	8	950746
SRR19762297	21	1280393
SRR19762298	13	1198433
SRR19762299	15	1067901
SRR19762300	3	1483800
SRR19762301	5	3700108
SRR19762302	17	1117721
SRR19762303	5	1223748
SRR19762304	9	1350636
SRR19762305	18	1424833
SRR19762306	13	1269170
SRR19762307	11	1378285
SRR19762309	10	1124935
SRR19762310	8	939172
SRR19762311	10	1074641
SRR19762312	12	1591025
SRR19762313	7	1455350
SRR19762314	6	1278769
SRR19762316	5	1644222
SRR19762317	5	2543637
SRR19762318	19	1121080
SRR19762319	10	833113
SRR19762320	8	1195188
SRR19762321	15	884412
SRR19762322	5	1679552
SRR19762323	6	1044160
SRR19762324	2	741053
SRR19762325	13	871666
SRR19762326	13	1239167
SRR19762327	5	1138388
SRR19762328	6	1054199
SRR19762329	24	1244246
SRR19762330	10	1547570
SRR19762331	9	713285
SRR19762332	12	1237578
SRR19762333	27	1207734
SRR19762334	5	1136259
SRR19762335	39	831248
SRR19762336	11	1078079
SRR19762337	9	1163978
SRR19762338	15	1155482
SRR19762339	12	1321363
SRR19762340	9	1108369
SRR19762341	5	915368
SRR19762343	10	1201445
SRR19762344	7	1162903
SRR19762345	6	2654729
SRR19762346	14	919506
SRR19762347	16	1093017
SRR19762348	7	1016228
SRR19762349	7	1490478
SRR19762350	5	1440675
SRR19762351	10	1197501
SRR19762352	18	997968
SRR19762353	16	1125878
SRR19762354	8	1727219
SRR19762355	4	812812
SRR19762356	4	1384588
SRR19762357	19	1130180
SRR19762358	16	932214
SRR19762359	8	983896
SRR19762360	8	1236275
SRR19762361	17	974849
SRR19762362	2	3316672
SRR19762363	10	1466033
SRR19762364	10	1060386
SRR19762365	6	786363
SRR19762366	7	1193968
SRR19762367	14	1240097
SRR19762368	10	1141271
SRR19762369	7	1077510
SRR19762370	11	806041
SRR19762371	7	1218102
SRR19762372	9	1106232
SRR19762373	4	1075181
SRR19762374	18	1327311
SRR19762375	6	1483096
SRR19762376	6	1248059
SRR19762377	15	1077318
SRR19762378	9	637097
SRR19762379	2	1994260
SRR19762380	10	1060767
SRR19762381	14	1310532
SRR19762382	9	1139138
SRR19762383	3	1569252
SRR19762384	11	1150482
SRR19762385	7	2009249
SRR19762386	5	1378308
SRR19762387	5	1464404
SRR19762388	11	983372
SRR19762389	6	1158369
SRR19762390	5	1022391
SRR19762391	9	929990
SRR19762392	6	931385
SRR19762393	10	1780429
SRR19762394	6	1125187
SRR19762395	6	1524503
SRR19762396	4	820098
SRR19762397	7	1262298
SRR19762398	10	1029306
SRR19762399	12	1002374
SRR19762400	3	1801826
SRR19762401	12	1095816
SRR19762402	8	1499471
SRR19762403	3	875781
SRR19762404	14	1139928
SRR19762405	13	998708
SRR19762406	6	1230731
SRR19762407	5	1292015
SRR19762408	10	1043987
SRR19762409	5	1846205
SRR19762410	7	1454790
SRR19762411	5	1590255
SRR19762412	10	929959
SRR19762413	10	1268983
SRR19762414	6	1499426
SRR19762415	9	1094869
SRR19762416	13	1237604
SRR19762417	10	1118360
SRR19762418	8	1159313
SRR19762419	10	869228
SRR19762420	18	915275
SRR19762421	10	1053334
SRR19762422	8	1254270
SRR19762423	10	1281455
SRR19762424	10	754991
SRR19762425	12	1334375
SRR19762426	6	1352151
SRR19762427	6	1044154
SRR19762428	7	811483
SRR19762429	6	1020371
SRR19762430	4	1736251
SRR19762431	11	951416
SRR19762432	6	813910
SRR19762433	11	1164797
SRR19762434	3	1226705
SRR19762435	4	951682
SRR19762436	9	1205846
SRR19762437	5	1211519
SRR19762438	8	850430
SRR19762439	4	1410268
SRR19762440	18	969047
SRR19762441	6	666133
SRR19762442	11	932442
SRR19762443	9	1824864
SRR19762444	10	1102794
SRR19762445	10	1077113
SRR19762446	2	3198447
SRR19762447	2	1358673
SRR19762448	15	1003137
SRR19762449	7	1113773
SRR19762450	4	1184346
SRR19762451	4	952701
SRR19762452	15	1094694
SRR19762453	12	812979
SRR19762454	13	1123938
SRR19762455	20	1217789
SRR19762456	10	835990
SRR19762457	10	1137400
SRR19762458	14	1502761
SRR19762459	3	1075601
SRR19762460	4	846381
SRR19762461	4	1661974
SRR19762462	14	1632215
SRR19762463	7	2495738
SRR19762464	9	1536580
SRR19762465	11	1118779
SRR19762466	6	1301744
SRR19762467	18	960008
SRR19762468	6	1556275
SRR19762469	10	811329
SRR19762470	5	1248137
SRR19762471	10	1067563
SRR19762472	14	1046056
SRR19762473	12	875653
SRR19762474	9	1475458
SRR19762475	9	1060528
SRR19762476	12	892134
SRR19762477	4	930426
SRR19762478	9	1168783
SRR19762479	9	853196
SRR19762480	7	1764254
SRR19762481	3	965795
SRR19762482	6	867083
SRR19762483	6	1184769
SRR19762484	10	945526
SRR19762485	2	2394648
SRR19762486	8	916728
SRR19762487	8	1060301
SRR19762488	5	1248015
SRR19762489	10	914926
SRR19762490	2	1884321
SRR19762491	27	770233
SRR19762492	4	1095688
SRR19762493	3	1703861
SRR19762494	11	1634031
SRR19762495	5	1060198
SRR19762496	9	1746289
SRR19762497	9	1460679
SRR19762498	14	1253176
SRR19762499	13	1693760
SRR19762500	11	1622007
SRR19762501	4	1066024
SRR19762502	3	1246370
SRR19762503	5	1791930
SRR19762504	6	1338451
SRR19762505	15	1067568
SRR19762506	10	1497827
SRR19762507	17	1444696
SRR19762508	7	1365875
SRR19762509	8	760396
SRR19762510	12	1107454
SRR19762511	15	1018866
SRR19762512	4	1313654
SRR19762513	5	1062515
SRR19762514	25	1262257
SRR19762515	12	1140814
SRR19762516	6	1197000
SRR19762517	15	1219713
SRR19762518	3	1188999
SRR19762519	10	1486045
SRR19762520	6	1250498
SRR19762521	8	1321385
SRR19762522	6	1524517
SRR19762523	4	3129416
SRR19762524	17	1144367
SRR19762525	14	1184776
SRR19762526	17	1599501
SRR19762527	9	881013
SRR19762528	9	1148791
SRR19762529	5	1271542
SRR19762530	15	1018860
SRR19762531	7	776456
SRR19762532	15	1123038
SRR19762533	9	866649
SRR19762534	4	1206784
SRR19762535	6	1694737
SRR19762536	27	1283642
SRR19762537	11	1130303
SRR19762538	2	3495345
SRR19762539	6	871952
SRR19762540	9	1132695
SRR19762541	2	1346454
SRR19762542	2	1640925
SRR19762543	6	854314
SRR19762544	12	1233714
SRR19762545	10	1067877
SRR19762546	10	1229795
SRR19762547	14	1082617
SRR19762548	5	818039
SRR19762549	14	1141015
SRR19762550	4	1214052
SRR19762551	6	3056862
SRR19762552	12	1769016
SRR19762553	12	1096879
SRR19762554	7	1205793
SRR19762555	6	757838
SRR19762556	3	1438880
SRR19762557	13	997750
SRR19762558	6	1395059
SRR19762559	5	1382032
SRR19762560	8	1207029
SRR19762561	8	1154136
SRR19762562	4	751176
SRR19762563	17	1147060
SRR19762564	9	1242194
SRR19762565	16	850895
SRR19762566	17	953273
SRR19762567	4	983356
SRR19762568	15	1167046
SRR19762569	10	1009651
SRR19762570	13	940154
SRR19762571	5	1563834
SRR19762572	15	1099259
SRR19762573	15	1286571
SRR19762574	8	1412814
SRR19762575	10	1653247
SRR19762576	11	1090923
SRR19762577	15	935881
SRR19762578	9	849413
SRR19762579	16	905664
SRR19762580	7	995901
SRR19762581	18	1288493
SRR19762582	10	1165973
SRR19762583	3	916426
SRR19762584	6	1534784
SRR19762585	7	1142656
SRR19762586	4	1735391
SRR19762587	8	1776330
SRR19762588	11	1111651
SRR19762589	3	1206300
SRR19762590	19	1301513
SRR19762591	18	1159174
SRR19762592	10	1410251
SRR19762593	6	1559272
SRR19762594	3	666931
SRR19762595	3	1192031
SRR19762596	13	1104922
SRR19762597	9	861357
SRR19762598	16	1151322
SRR19762599	5	1288288
SRR19762600	18	1014459
SRR19762601	7	1559953
SRR19762602	4	1375256
SRR19762603	11	1051603
SRR19762604	5	3159438
SRR19762605	16	822002
SRR19762606	8	1279990
SRR19762607	11	1120760
SRR19762608	6	1365246
SRR19762609	6	1318966
SRR19762610	10	1162188
SRR19762611	5	1113332
SRR19762612	2	1652683
SRR19762613	21	1378165
SRR19762614	3	1862662
SRR19762615	14	963455
SRR19762616	14	1064975
SRR19762617	17	1284200
SRR19762618	11	1110345
SRR19762619	16	928362
SRR19762620	9	903599
SRR19762621	15	1089421
SRR19762622	7	1068597
SRR19762623	3	1309091
SRR19762624	12	908782
SRR19762625	8	1842843
SRR19762626	6	1433128
SRR19762627	5	1431400
SRR19762628	8	1398478
SRR19762629	9	969160
SRR19762630	7	965746
SRR19762631	13	1316278
SRR19762632	14	1304441
SRR19762633	4	1078962
SRR19762634	9	1244612
SRR19762635	16	1117792
SRR19762636	15	1319855
SRR19762637	8	1239517
SRR19762638	14	1483130
SRR19762639	15	1072021
SRR19762640	3	1327227
SRR19762641	6	802501
SRR19762642	8	912453
SRR19762643	5	935361
SRR19762644	8	1178833
SRR19762645	3	1019719
SRR19762646	6	1604012
SRR19762647	5	756684
SRR19762648	8	870192
SRR19762649	9	1032854
SRR19762650	7	1533973
SRR19762651	19	811739
SRR19762652	4	1785107
SRR19762653	8	935833
SRR19762654	7	1043978
SRR19762655	3	1779040
SRR19762656	4	1160263
SRR19762657	16	832227
SRR19762658	6	1356682
SRR19762659	3	963028
SRR19762660	10	802198
SRR19762662	8	924663
SRR19762663	6	804483
SRR19762664	13	1179548
SRR19762665	4	2401339
SRR19762666	9	968222
SRR19762667	8	1391911
SRR19762668	6	1142617
SRR19762669	9	999905
SRR19762670	15	1225002
SRR19762671	3	1270023
SRR19762672	11	1058928
SRR19762673	11	999891
SRR19762674	6	1227886
SRR19762675	2	1787954
SRR19762676	4	1668785
SRR19762677	7	1293820
SRR19762678	14	914080
SRR19762679	11	974667
SRR19762680	9	975566
SRR19762681	5	1188191
SRR19762682	18	940597
SRR19762683	7	1558218
SRR19762684	11	1357717
SRR19762685	10	1050908
SRR19762686	3	1260109
SRR19762687	15	1277597
SRR19762688	11	1508095
SRR19762689	8	1475481
SRR19762690	8	1626098
SRR19762691	9	886137
SRR19762692	5	1746154
SRR19762693	11	1070828
SRR19762694	17	1095119
SRR19762695	17	1046628
SRR19762696	4	1796961
SRR19762697	4	1286259
SRR19762698	7	906485
SRR19762699	6	962973
SRR19762700	4	1869548
SRR19762701	12	1570519
SRR19762702	3	3225783
SRR19762703	11	899891
SRR19762704	5	1405754
SRR19762705	9	1660658
SRR19762706	13	1191475
SRR19762707	5	1553602
SRR19762708	10	1074786
SRR19762709	14	1213755
SRR19762710	12	1157493
SRR19762711	7	1080681
SRR19762712	14	1631507
SRR19762713	10	1345307
SRR19762714	5	1170468
SRR19762715	4	1890429
SRR19762716	5	1111830
SRR19762717	16	1228006
SRR19762718	15	912025
SRR19762719	9	1166202
SRR19762720	24	1045252
SRR19762722	13	1112649
SRR19762723	14	1142244
SRR19762724	10	1112358
SRR19762725	11	1060803
SRR19762726	6	930178
SRR19762727	10	1351611
SRR19762728	12	881874
SRR19762729	6	1295381
SRR19762730	10	1132133
SRR19762731	3	1124234
SRR19762732	7	1005951
SRR19762733	12	1020956
SRR19762734	15	1328462
SRR19762735	12	1015271
SRR19762736	8	1397113
SRR19762737	6	1221573
SRR19762738	20	806883
SRR19762739	10	951149
SRR19762740	8	1029791
SRR19762741	9	956737
SRR19762742	7	1981319
SRR19762743	5	916736
SRR19762744	4	1328309
SRR19762745	6	952815
SRR19762746	8	1569932
SRR19762747	7	1268912
SRR19762748	5	1381144
SRR19762749	10	1154107
SRR19762750	4	3003998
SRR19762751	10	1041946
SRR19762752	10	1032858
SRR19762753	7	757664
SRR19762754	8	1308658
SRR19762755	14	1209240
SRR19762756	7	1044986
SRR19762757	8	1140674
SRR19762758	2	1965649
SRR19762759	15	1065751
SRR19762760	14	991782
SRR19762761	6	1125818
SRR19762762	13	1012169
SRR19762763	6	1517577
SRR19762764	12	1029305
SRR19762765	11	779176
SRR19762766	11	719942
SRR19762768	13	880552
SRR19762769	4	1172632
SRR19762770	11	846746
SRR19762772	10	1119301
SRR19762773	10	1178939
SRR19762774	7	994203
SRR19762775	2	1830435
SRR19762776	7	878128
SRR19762777	13	1206486
SRR19762778	11	1063548
SRR19762779	6	1075656
SRR19762780	11	1162437
SRR19762781	5	1521863
SRR19762782	9	1145625
SRR19762783	11	1239718
SRR19762784	18	1051195
SRR19762785	2	1749661
SRR19762786	16	1171227
SRR19762787	6	1257254
SRR19762788	12	1096347
SRR19762789	10	932982
SRR19762790	4	1484423
SRR19762791	6	1273638
SRR19762792	6	1049640
SRR19762793	6	1040765
SRR19762794	8	1190607
SRR19762795	11	1024190
SRR19762796	9	1053345
SRR19762797	8	996521
SRR19762798	14	1345819
SRR19762799	7	1677297
SRR19762800	3	1758659
SRR19762801	17	1026793
SRR19762802	7	1064606
SRR19762803	5	1180796
SRR19762804	7	895312
SRR19762805	7	1013728
SRR19762806	6	1250456
SRR19762807	20	1326089
SRR19762808	6	1431423
SRR19762809	7	1219944
SRR19762810	8	1185035
SRR19762811	8	956830
SRR19762812	6	971117
SRR19762813	14	847128
SRR19762814	7	1565544
SRR19762815	15	823250
SRR19762816	8	803723
SRR19762817	6	1149250
SRR19762818	12	1011983
SRR19762819	2	1611456
SRR19762820	6	1342338
SRR19762821	6	1461654
SRR19762822	12	1058797
SRR19762823	8	840248
SRR19762824	4	885488
SRR19762825	7	1547569
SRR19762826	6	1024826
SRR19762827	2	1817772
SRR19762828	5	1552756
SRR19762829	9	1293584
SRR19762831	10	1091453
SRR19762832	8	926855
SRR19762833	8	1438044
SRR19762834	7	1161986
SRR19762835	6	1461254
SRR19762836	9	933180
SRR19762837	12	652955
SRR19762838	6	1263808
SRR19762839	11	960546
SRR19762840	5	1386809
SRR19762841	8	965127
SRR19762842	2	1366498
SRR19762843	7	1075637
SRR19762844	5	1241006
SRR19762845	10	945171
SRR19762846	8	1224003
SRR19762847	9	1171683
SRR19762848	14	1075221
SRR19762849	14	1416695
SRR19762850	2	1619272
SRR19762851	6	1179926
SRR19762852	3	1565050
SRR19762853	5	1472776
SRR19762854	15	1345016
SRR19762855	9	993476
SRR19762856	5	866538
SRR19762857	14	1145179
SRR19762858	21	1112550
SRR19762859	9	1260889
SRR19762860	4	1116607
SRR19762861	9	807714
SRR19762862	11	865221
SRR19762863	13	967849
SRR19762864	11	908899
SRR19762865	14	868818
SRR19762866	5	1196756
SRR19762867	5	1045004
SRR19762868	9	924416
SRR19762869	4	1207093
SRR19762871	5	1269286
SRR19762872	3	1520994
SRR19762873	18	986109
SRR19762874	2	1999150
SRR19762875	6	987854
SRR19762876	10	1032715
SRR19762877	7	1052974
SRR19762878	11	1581536
SRR19762879	10	1192327
SRR19762880	11	1572897
SRR19762881	12	1249009
SRR19762882	16	1208854
SRR19762883	5	1368044
SRR19762884	10	1015186
SRR19762885	13	1337107
SRR19762886	8	703461
SRR19762887	7	1076575
SRR19762888	15	1209152
SRR19762889	1	1897773
SRR19762891	9	881659
SRR19762892	9	1199204
SRR19762893	8	1017321
SRR19762894	5	1501018
SRR19762895	6	1375087
SRR19762896	5	1241999
SRR19762897	9	1560539
SRR19762898	7	1004916
SRR19762899	19	1143578
SRR19762900	15	659267
SRR19762901	5	1213379
SRR19762902	6	1399914
SRR19762903	6	1347262
SRR19762904	7	1710132
SRR19762905	11	1424873
SRR19762906	9	1041182
SRR19762907	13	1266567
SRR19762908	3	10331820
SRR19762909	6	1527010
SRR19762910	4	1765465
SRR19762911	5	1281785
SRR19762912	11	879388
SRR19762913	12	1205584
SRR19762914	10	999976
SRR19762915	15	922302
SRR19762916	5	1146519
SRR19762917	17	1157770
SRR19762918	10	1018971
SRR19762919	7	880124
SRR19762920	3	1037224
SRR19762921	10	1269931
SRR19762922	10	1801223
SRR19762923	4	988494
SRR19762924	9	1750550
SRR19762925	36	778709
SRR19762926	4	1016331
SRR19762927	12	796490
SRR19762928	2	900691
SRR19762929	6	1276884
SRR19762930	22	871321
SRR19762931	4	858984
SRR19762932	5	1209769
SRR19762933	4	1110055
SRR19762934	8	1294144
SRR19762935	8	1449639
SRR19762936	11	1063080
SRR19762937	10	1223841
SRR19762938	11	1273948
SRR19762939	4	1691017
SRR19762940	12	1034987
SRR19762941	13	1043417
SRR19762942	3	1619062
SRR19762943	12	1507827
